MATRIZ DE CONFUSAO PARA O CLASSIFICADOR: kNN


BLOCK SIZE = 1000
[[5278    1   32   49   18   21  132    2   15   12]
 [  23 3198 1469  149   61   32  462  118  399  744]
 [  13    5 5426  238    7    3   39  126   21   10]
 [  10    2  456 4751   36   86   12  265   15  186]
 [  16    3   67    0 5056    1  167   27   23  362]
 [  10    9  128  521   98 4209   62   45  202  255]
 [  49   21   18    1   20   90 5497    0  160    2]
 [   0   10   90   46  197    1    1 4874   30  848]
 [ 503   20  344   73  165   42  157   75 3375  941]
 [  28    9   36  164  121    5    5  173   34 5238]]

BLOCK SIZE = 2000
[[5347    3    8   21   15   42   95    1   22    6]
 [   7 5303  191  367   39   18  186  103  153  288]
 [  14    8 5436  265    7   19   30   81   25    3]
 [   4    4   68 5377    1  120    5  174   40   26]
 [  15    5   51   20 5134    6  145   16   12  318]
 [  10    8   13  524   29 4630   70   29  115  111]
 [  37   15    3    1   19   62 5626    0   94    1]
 [   2   10   68  194  109    8    3 4905   22  776]
 [ 149   24   44  144   58  110  102   41 4724  299]
 [  20   15    8  223  173   60    5  174   38 5097]]

BLOCK SIZE = 3000
[[5358    6    8   36   22   21   54    2   49    4]
 [   5 5925  174  130   37   13  119   70  123   59]
 [  16   19 5391  313   12   10   29   71   27    0]
 [   6    7   27 5449    1   97    3  169   35   25]
 [  14   12   40    3 5176    1  145   39   12  280]
 [   9    9    6  429   29 4749   57   39  107  105]
 [  36   20    4    0   15  105 5604    0   73    1]
 [   2   18   64  184  104    6    0 5047   42  630]
 [ 105   71   41  110   59   90  101   30 4888  200]
 [   6   20   22  182  149   45    5  225   45 5114]]

BLOCK SIZE = 4000
[[5333    5   11   75   21   13   58    4   38    2]
 [   2 5922  176  104   33   10  138   95  139   36]
 [  12   16 5462  254    8    8   31   59   36    2]
 [   5    8   25 5513    3   86    6  125   27   21]
 [   9   12   37    3 5142    1  150   43   18  307]
 [  11    7    6  422   18 4734   58   42  134  107]
 [  33   15    3    3   14   93 5616    0   80    1]
 [   1   18   52  176  187    6    3 5073   61  520]
 [ 119   66   43  122   49   66   87   33 4948  162]
 [   7   21   14  185  132   43    4  268   49 5090]]

BLOCK SIZE = 5000
[[5431    5    4   26    9    2   52    3   27    1]
 [   1 5843  175   99   42    8  128   79  170  110]
 [  11   16 5465  266    4    8   27   60   29    2]
 [   4    8   27 5536    5   77    5  100   24   33]
 [  10    6   38    1 5194    0  159   31   21  262]
 [  10    6    5  401   22 4701   64   31  192  107]
 [  45   12    2    3   13   83 5598    0  102    0]
 [   1   15   57  172  173    7    3 5033   45  591]
 [ 123   49   41  139   49   56   88   29 4939  182]
 [   8    9   14  186  153   28    8  177   46 5184]]

BLOCK SIZE = 6000
[[5431    5    4   21    7    2   45    3   41    1]
 [   1 5990  169  124   64    8   73   73  103   50]
 [  10   13 5498  250    3    6   19   53   34    2]
 [   4    7   21 5581    3   57    3   96   26   21]
 [   9    6   20    0 5309    0  149   32   36  161]
 [   9    5    5  368   14 4795   53   23  170   97]
 [  39   13    2    3    6   80 5590    0  125    0]
 [   1   15   46  110   42    7    1 5756    8  111]
 [  61   44   38  119   38   36   61   26 5089  183]
 [   8    9   10  134  168   21    8  166   38 5251]]

BLOCK SIZE = 7000
[[5430    4    3   18    6    1   32    2   63    1]
 [   1 6027  156  109   63   12   61   73   85   68]
 [  12   10 5517  214    3    3   18   77   32    2]
 [   4    3   20 5618    1   55    2   73   27   16]
 [  16    7   20    1 5324    0  135   31   36  152]
 [  10    4    6  417    9 4805   54   15  148   71]
 [  37   10    2    2    5   51 5666    0   85    0]
 [   1   14   34  133   43    3    1 5758    7  103]
 [  42   30   38  105   34   27   55   32 5169  163]
 [   7    8   14  112  174   11    9  140   75 5263]]

BLOCK SIZE = 8000
[[5442    3    2   11    6    2   35    2   53    4]
 [   1 6019  179  113   68    8   37   82   77   71]
 [  15   13 5568  169    3    1   15   70   30    4]
 [   4    1   19 5624    0   54    2   65   27   23]
 [  16    9   24    1 5310    0  137   29   25  171]
 [   9    3    9  395    5 4853   48   12  105  100]
 [  23    9    5    2    4   47 5702    0   66    0]
 [   1   14   31  130   49    3    1 5747    5  116]
 [  43   22   36  110   34   34   62   26 5139  189]
 [   8    8   18   93  132    9   10  128   45 5362]]

BLOCK SIZE = 9000
[[5456    3    1   12    6    2   28    2   46    4]
 [   2 6059  159  107   62    6   34   83   75   68]
 [  14   13 5597  152    3    1   16   60   28    4]
 [   4    1   19 5622    0   59    1   64   25   24]
 [  17    9   22    1 5300    0  136   28   23  186]
 [   9    3    8  430    3 4854   45   10   95   82]
 [  26    9    5    2    5   46 5702    0   63    0]
 [   1   17   33  126   51    2    1 5754    5  107]
 [  36   22   32  103   32   27   59   24 5187  173]
 [  10    8   15   95   90    7    7  126   47 5408]]

BLOCK SIZE = 10000
[[5466    3    1   12    4    2   25    2   42    3]
 [   0 6113  157  121   55   10   32   74   38   55]
 [  14   14 5616  143    4    1   16   50   27    3]
 [   4    1   22 5628    0   62    1   54   25   22]
 [  14    7   20    1 5292   21  113   29   14  211]
 [  10    3    8  377    2 4939   38   10   81   71]
 [  26    9    5    2    4   44 5723    0   45    0]
 [   1   16   45  123   47    2    1 5762    5   95]
 [  34   22   33  114   34   29   54   25 5176  174]
 [  11    8   15   93   91   11    7  119   46 5412]]

BLOCK SIZE = 11000
[[5466    3    1   12    4    2   25    2   42    3]
 [   0 6113  157  121   55   10   32   74   38   55]
 [  14   14 5616  143    4    1   16   50   27    3]
 [   4    1   22 5628    0   62    1   54   25   22]
 [  14    7   20    1 5292   21  113   29   14  211]
 [  10    3    8  377    2 4939   38   10   81   71]
 [  26    9    5    2    4   44 5723    0   45    0]
 [   1   16   45  123   47    2    1 5762    5   95]
 [  34   22   33  114   34   29   54   25 5176  174]
 [  11    8   15   93   91   11    7  119   46 5412]]

BLOCK SIZE = 12000
[[5466    3    1   12    4    2   25    2   42    3]
 [   0 6113  157  121   55   10   32   74   38   55]
 [  14   14 5616  143    4    1   16   50   27    3]
 [   4    1   22 5628    0   62    1   54   25   22]
 [  14    7   20    1 5292   21  113   29   14  211]
 [  10    3    8  377    2 4939   38   10   81   71]
 [  26    9    5    2    4   44 5723    0   45    0]
 [   1   16   45  123   47    2    1 5762    5   95]
 [  34   22   33  114   34   29   54   25 5176  174]
 [  11    8   15   93   91   11    7  119   46 5412]]

BLOCK SIZE = 13000
[[5466    3    1   12    4    2   25    2   42    3]
 [   0 6113  157  121   55   10   32   74   38   55]
 [  14   14 5616  143    4    1   16   50   27    3]
 [   4    1   22 5628    0   62    1   54   25   22]
 [  14    7   20    1 5292   21  113   29   14  211]
 [  10    3    8  377    2 4939   38   10   81   71]
 [  26    9    5    2    4   44 5723    0   45    0]
 [   1   16   45  123   47    2    1 5762    5   95]
 [  34   22   33  114   34   29   54   25 5176  174]
 [  11    8   15   93   91   11    7  119   46 5412]]

BLOCK SIZE = 14000
[[5466    3    1   12    4    2   25    2   42    3]
 [   0 6113  157  121   55   10   32   74   38   55]
 [  14   14 5616  143    4    1   16   50   27    3]
 [   4    1   22 5628    0   62    1   54   25   22]
 [  14    7   20    1 5292   21  113   29   14  211]
 [  10    3    8  377    2 4939   38   10   81   71]
 [  26    9    5    2    4   44 5723    0   45    0]
 [   1   16   45  123   47    2    1 5762    5   95]
 [  34   22   33  114   34   29   54   25 5176  174]
 [  11    8   15   93   91   11    7  119   46 5412]]

BLOCK SIZE = 15000
[[5466    3    1   12    4    2   25    2   42    3]
 [   0 6113  157  121   55   10   32   74   38   55]
 [  14   14 5616  143    4    1   16   50   27    3]
 [   4    1   22 5628    0   62    1   54   25   22]
 [  14    7   20    1 5292   21  113   29   14  211]
 [  10    3    8  377    2 4939   38   10   81   71]
 [  26    9    5    2    4   44 5723    0   45    0]
 [   1   16   45  123   47    2    1 5762    5   95]
 [  34   22   33  114   34   29   54   25 5176  174]
 [  11    8   15   93   91   11    7  119   46 5412]]

BLOCK SIZE = 16000
[[5466    3    1   12    4    2   25    2   42    3]
 [   0 6113  157  121   55   10   32   74   38   55]
 [  14   14 5616  143    4    1   16   50   27    3]
 [   4    1   22 5628    0   62    1   54   25   22]
 [  14    7   20    1 5292   21  113   29   14  211]
 [  10    3    8  377    2 4939   38   10   81   71]
 [  26    9    5    2    4   44 5723    0   45    0]
 [   1   16   45  123   47    2    1 5762    5   95]
 [  34   22   33  114   34   29   54   25 5176  174]
 [  11    8   15   93   91   11    7  119   46 5412]]

BLOCK SIZE = 17000
[[5466    3    1   12    4    2   25    2   42    3]
 [   0 6113  157  121   55   10   32   74   38   55]
 [  14   14 5616  143    4    1   16   50   27    3]
 [   4    1   22 5628    0   62    1   54   25   22]
 [  14    7   20    1 5292   21  113   29   14  211]
 [  10    3    8  377    2 4939   38   10   81   71]
 [  26    9    5    2    4   44 5723    0   45    0]
 [   1   16   45  123   47    2    1 5762    5   95]
 [  34   22   33  114   34   29   54   25 5176  174]
 [  11    8   15   93   91   11    7  119   46 5412]]

BLOCK SIZE = 18000
[[5466    3    1   12    4    2   25    2   42    3]
 [   0 6113  157  121   55   10   32   74   38   55]
 [  14   14 5616  143    4    1   16   50   27    3]
 [   4    1   22 5628    0   62    1   54   25   22]
 [  14    7   20    1 5292   21  113   29   14  211]
 [  10    3    8  377    2 4939   38   10   81   71]
 [  26    9    5    2    4   44 5723    0   45    0]
 [   1   16   45  123   47    2    1 5762    5   95]
 [  34   22   33  114   34   29   54   25 5176  174]
 [  11    8   15   93   91   11    7  119   46 5412]]

BLOCK SIZE = 19000
[[5466    3    1   12    4    2   25    2   42    3]
 [   0 6113  157  121   55   10   32   74   38   55]
 [  14   14 5616  143    4    1   16   50   27    3]
 [   4    1   22 5628    0   62    1   54   25   22]
 [  14    7   20    1 5292   21  113   29   14  211]
 [  10    3    8  377    2 4939   38   10   81   71]
 [  26    9    5    2    4   44 5723    0   45    0]
 [   1   16   45  123   47    2    1 5762    5   95]
 [  34   22   33  114   34   29   54   25 5176  174]
 [  11    8   15   93   91   11    7  119   46 5412]]

BLOCK SIZE = 20000
[[5466    3    1   12    4    2   25    2   42    3]
 [   0 6113  157  121   55   10   32   74   38   55]
 [  14   14 5616  143    4    1   16   50   27    3]
 [   4    1   22 5628    0   62    1   54   25   22]
 [  14    7   20    1 5292   21  113   29   14  211]
 [  10    3    8  377    2 4939   38   10   81   71]
 [  26    9    5    2    4   44 5723    0   45    0]
 [   1   16   45  123   47    2    1 5762    5   95]
 [  34   22   33  114   34   29   54   25 5176  174]
 [  11    8   15   93   91   11    7  119   46 5412]]

