MATRIZ DE CONFUSAO PARA O CLASSIFICADOR: LDA


BLOCK SIZE = 1000
[[5151  112   16   49   29  108   33   14    9   39]
 [   1 4155 1046  133  156  178  338  254  321   73]
 [  29   50 5367   23    4    0   13  384   18    0]
 [   2   53   56 4393    1  112   10 1103   72   17]
 [  65  401  208    0 4622    2   68   17   25  314]
 [  11   84   10  566    4 4633   63   58   81   29]
 [ 190  952   56  110   72   65 4295    5  109    4]
 [   0 1142   59   11   40   10    0 4773   36   26]
 [ 188  132   74   62   48   49  349   79 3630 1084]
 [ 121   81   58  147   19   41   48  107   37 5154]]

BLOCK SIZE = 2000
[[5268   37   11   22   49   18   61    9   81    4]
 [   1 5487  226  152    3  107  164  386   76   53]
 [  19   48 5298   21    1    6   12  463   17    3]
 [   3   32   46 4971    0   38   10  681   24   14]
 [  28  507   67    0 4544    2   78   27   37  432]
 [  11   25    8  379    3 4920   68   38   62   25]
 [ 116   88   44  116   62  220 5094    0  115    3]
 [   0  131   51    4   17    1    0 5829   27   37]
 [ 125  110   45   24   41   54  182   63 4483  568]
 [  32   62    5  151   21   37   18  147   20 5320]]

BLOCK SIZE = 3000
[[5228   21   23   32   44    3   76   12  120    1]
 [   1 5678  224  125    5   89  133  289   79   32]
 [  16   43 5383   17    2    1   22  385   18    1]
 [   5   37   35 5032    1   19    3  653   20   14]
 [  12  317   45    0 4899    0   73   21   19  336]
 [   9   32    8  262    4 5050   57   36   55   26]
 [  98   52   29   15  133   81 5347    0  100    3]
 [   0  139   40    4   32    1    0 5832   23   26]
 [  92  115   38   14   46   80  117   52 4638  503]
 [  12   57    6  135   46   33   18  165   25 5316]]

BLOCK SIZE = 4000
[[5080   16   16   46   43    6   81   15  256    1]
 [   0 5503  355  108    4   87  163  313   69   53]
 [  13   43 5432   10    0    1   33  329   27    0]
 [   4   36   41 5022    1   27    3  654   18   13]
 [  15  290   52    0 4804    1   88   28   37  407]
 [  10   32   12  285    3 4994   72   49   58   24]
 [  91   48   31   13  148   72 5363    0   89    3]
 [   0  131   44    3   28    1    0 5831   34   25]
 [ 115   98   36   11   48   64  150   65 4655  453]
 [  19   49   10  138   37   14   23  251   33 5239]]

BLOCK SIZE = 5000
[[5240   11   14   43   40    1   89   17  104    1]
 [   0 5413  475  107    9   81  133  304   68   65]
 [  19   48 5422    9    1    0   29  327   32    1]
 [   4   30   41 5118    0   27    5  557   20   17]
 [  21  177   45    0 4895    0   88    9   60  427]
 [  10   20   17  289    3 4978   80   40   72   30]
 [ 105   38   31   20  155   77 5311    0  120    1]
 [   0  119   44    1   35    1    0 5836   35   26]
 [ 132   72   36    9   68   44  129   70 4650  485]
 [  26   39   11  135   58    8   20  111   42 5363]]

BLOCK SIZE = 6000
[[5260   14   13   23   36    1   75   22  115    1]
 [   0 5642  337   86    5   46   91  322   50   76]
 [  20   38 5528    9    1    0   23  236   32    1]
 [   2   26   34 5224    0   24    3  463   23   20]
 [  20  141   41    0 4934    0   92   12   60  422]
 [  10   19   13  295    3 4960   62   47   89   41]
 [ 112   42   36   30  123   51 5296    0  166    2]
 [   0   66   40    2   31    1    0 5903   31   23]
 [  86   66   34    5   57   28   83   71 4766  499]
 [  28   32    9  108   50    1   22  112   35 5416]]

BLOCK SIZE = 7000
[[5313   12   14   16   27    0   61   22   93    2]
 [   0 5713  274   92    7   52   71  341   45   60]
 [  21   40 5530   10    1    0   22  235   28    1]
 [   1   16   30 5326    0   26    2  371   25   22]
 [  22   85   44    0 5114    0   87    9   37  324]
 [   9    9   12  291    4 4988   59   40   87   40]
 [ 107   46   36   29  120   43 5330    0  147    0]
 [   0   56   40    2   46    1    0 5910   22   20]
 [  84   54   36    5   65   33   67   68 4866  417]
 [  30   33    9   81   75    6   19  104   35 5421]]

BLOCK SIZE = 8000
[[5333   14   13   15   19    0   62   19   83    2]
 [   0 5940  218   97    8   34   44  246   26   42]
 [  21   38 5568   13    1    0   14  206   26    1]
 [   1   14   30 5405    1   20    2  302   22   22]
 [  21   90   51    0 5133    0   88    6   32  301]
 [   8   10    8  326    5 4970   63   34   71   44]
 [  81   42   38   34   77   34 5438    0  113    1]
 [   0   59   42    3   49    1    0 5894   25   24]
 [  81   59   42    6   56   28   70   56 4885  412]
 [  31   34    9   79   70    7   20   96   34 5433]]

BLOCK SIZE = 9000
[[5352   13   11   16   20    0   50   17   79    2]
 [   0 5982  205   92    8   21   42  234   31   40]
 [  20   37 5595   12    1    0   11  186   25    1]
 [   1   12   31 5436    1   18    2  277   21   20]
 [  25   88   47    0 5143    0   87    7   31  294]
 [   9   11    6  340    5 4970   56   26   69   47]
 [  84   46   37   28   74   37 5419    0  130    3]
 [   0   60   48    4   52    1    0 5880   28   24]
 [  87   56   39    4   50   27   56   52 4958  366]
 [  35   31    9   88   61    6   18   96   32 5437]]

BLOCK SIZE = 10000
[[5358   10   11   15   19    0   47   17   80    3]
 [   0 6027  222   85    9   22   38  199   31   22]
 [  22   41 5605   12    1    0    4  175   27    1]
 [   1   12   29 5470    1   19    1  247   23   16]
 [  20   71   42    0 5208    0   86    5   29  261]
 [   9   11    6  314    4 5015   50   24   67   39]
 [  77   49   37   15   56   36 5460    0  125    3]
 [   0   58   47    6   58    1    0 5882   22   23]
 [  80   59   38    5   51   29   54   57 4961  361]
 [  34   31    9   91   69    7   16   98   29 5429]]

BLOCK SIZE = 11000
[[5367   10   11   17   21    0   48   17   66    3]
 [   0 6002  234   88    9   29   40  201   28   24]
 [  22   42 5601   12    1    0    4  179   27    0]
 [   1   13   27 5447    1   19    2  273   21   15]
 [  21   80   46    0 5203    0   82    6   25  259]
 [   9   12    7  321    5 5005   50   26   65   39]
 [  78   47   37   19   58   38 5451    0  127    3]
 [   0   69   43    4   54    1    0 5880   22   24]
 [  81   62   39    4   50   28   58   60 4926  387]
 [  34   32    9   96   65    7   16   99   27 5428]]

BLOCK SIZE = 12000
[[5358    8   12   15   22    0   52   17   74    2]
 [   0 5991  225   94    9   31   42  209   29   25]
 [  21   39 5594   12    1    0    5  190   25    1]
 [   1   14   30 5422    1   19    2  293   23   14]
 [  25   92   44    0 5174    0   83    6   30  268]
 [   9   12    7  312    4 5013   54   26   65   37]
 [  79   46   36   19   60   41 5452    0  122    3]
 [   0   67   45    4   51    1    0 5882   22   25]
 [  83   61   37    4   51   32   63   58 4913  393]
 [  34   34    9   98   66    7   17   98   28 5422]]

BLOCK SIZE = 13000
[[5351    8   13   15   22    0   57   17   76    1]
 [   0 5996  233   94    8   35   40  203   22   24]
 [  20   41 5591   12    1    0    7  191   24    1]
 [   1   16   29 5412    1   17    2  305   21   15]
 [  19   98   43    0 5168    0   85    8   26  275]
 [   8   12    7  306    5 5018   54   25   67   37]
 [  80   49   36   23   65   45 5434    0  123    3]
 [   0   72   45    3   53    1    0 5880   22   21]
 [  80   65   37    4   50   32   60   55 4921  391]
 [  28   34   11   98   62    8   17   99   25 5431]]

BLOCK SIZE = 14000
[[5339    9   13   17   23    0   60   17   80    2]
 [   0 5964  247   95    8   36   46  213   21   25]
 [  20   39 5590   12    1    0   10  189   27    0]
 [   1   16   29 5398    0   17    2  319   23   14]
 [  21   99   48    0 5137    0   84    9   32  292]
 [   8   11   10  307    6 5010   56   26   67   38]
 [  82   50   36   23   69   44 5435    0  116    3]
 [   0   71   45    3   49    1    0 5883   25   20]
 [  85   67   36    4   48   33   69   59 4900  394]
 [  30   33   12  104   62    7   17  105   25 5418]]

BLOCK SIZE = 15000
[[5335    9   14   18   24    0   59   17   81    3]
 [   0 5945  265   91    7   36   47  216   20   28]
 [  21   41 5581   12    1    0   13  192   27    0]
 [   1   18   30 5397    0   17    2  314   24   16]
 [  21   97   46    0 5146    0   85    6   34  287]
 [   8   12   10  314    5 4996   58   28   71   37]
 [  83   47   35   25   70   46 5422    0  128    2]
 [   0   73   43    3   52    1    0 5871   29   25]
 [  90   62   35    6   51   32   64   63 4888  404]
 [  32   32   11  102   61    7   18  100   28 5422]]

BLOCK SIZE = 16000
[[5329    9   14   16   24    0   60   18   88    2]
 [   0 5940  258   86    8   32   43  230   30   28]
 [  20   42 5586   12    1    0   12  187   27    1]
 [   1   18   30 5407    0   17    2  304   22   18]
 [  21   95   45    0 5141    0   89    8   31  292]
 [   9   12    9  314    5 4995   55   28   71   41]
 [  84   45   36   26   70   42 5412    0  141    2]
 [   0   66   45    3   48    1    0 5885   25   24]
 [  82   64   35    5   52   29   61   63 4893  411]
 [  32   33   11   95   61    6   18  102   27 5428]]

BLOCK SIZE = 17000
[[5338   11   11   15   22    0   57   17   87    2]
 [   0 5952  235   94    8   35   42  233   29   27]
 [  21   44 5568   12    1    0   13  201   27    1]
 [   1   15   29 5425    1   17    1  289   23   18]
 [  22   79   42    0 5179    0   88    7   31  274]
 [  10   10    8  308    6 5000   55   28   73   41]
 [  84   45   37   24   70   38 5420    0  138    2]
 [   0   59   48    3   50    1    0 5889   23   24]
 [  79   59   36    6   57   29   58   57 4935  379]
 [  33   31    9   86   69    7   17  100   28 5433]]

BLOCK SIZE = 18000
[[5344   11   11   15   20    0   55   17   84    3]
 [   0 5994  216   93    9   29   39  218   30   27]
 [  21   39 5588   12    1    0    8  190   28    1]
 [   1   14   30 5444    1   18    2  270   20   19]
 [  20   83   46    0 5185    0   87    7   28  266]
 [   8   10    8  317    6 4999   55   27   66   43]
 [  81   47   37   23   68   35 5442    0  123    2]
 [   0   60   49    4   51    1    0 5883   25   24]
 [  80   58   39    5   54   29   60   56 4935  379]
 [  34   31    9   82   68    7   18   96   31 5437]]

BLOCK SIZE = 19000
[[5355   10   11   16   20    0   51   17   78    2]
 [   0 6010  216   87    8   22   39  216   31   26]
 [  20   39 5602   12    1    0    6  180   27    1]
 [   1   13   29 5456    1   18    1  259   22   19]
 [  25   81   41    0 5184    0   87    7   30  267]
 [   9   10    6  322    6 4999   53   24   67   43]
 [  82   48   38   20   64   36 5442    0  125    3]
 [   0   59   48    4   55    1    0 5881   26   23]
 [  82   55   39    4   53   25   57   55 4965  360]
 [  34   31    9   90   62    7   17   96   30 5437]]

BLOCK SIZE = 20000
[[5358   10   11   15   19    0   47   17   80    3]
 [   0 6027  222   85    9   22   38  199   31   22]
 [  22   41 5605   12    1    0    4  175   27    1]
 [   1   12   29 5470    1   19    1  247   23   16]
 [  20   71   42    0 5208    0   86    5   29  261]
 [   9   11    6  314    4 5015   50   24   67   39]
 [  77   49   37   15   56   36 5460    0  125    3]
 [   0   58   47    6   58    1    0 5882   22   23]
 [  80   59   38    5   51   29   54   57 4961  361]
 [  34   31    9   91   69    7   16   98   29 5429]]

