MATRIZ DE CONFUSAO PARA O CLASSIFICADOR: Naive Bayes


BLOCK SIZE = 1000
[[4157    1  890   85   11   98   34   37  246    1]
 [  16 2901 2288  130  119   36  596  158  302  109]
 [   5    4 5182  616   29    5    4   34    3    6]
 [   2    1  752 4336   47   27    0  646    1    7]
 [  12    0 1933   35 3251   24   16   96   62  293]
 [   3    7 1325  100    9 3856   12   39   95   93]
 [   7    1 1689    3    0  256 3654    4  244    0]
 [   2   12  613  261   98    2    0 4934   29  146]
 [ 361    0 1687  273   66   88   27   16 3136   41]
 [  13    0  691  178  539   46    0   82  123 4141]]

BLOCK SIZE = 2000
[[4474    1  563  128    7   39   50   20  276    2]
 [   2 3948 1327  565  100   26  251  222  113  101]
 [   6   14 4495 1157    5    7   10  144   20   30]
 [   6    1  205 5199   19   18    0  336    8   27]
 [   3    2  765   47 3974   28   71   60  104  668]
 [   6   13  420   96   56 4600   33   20  102  193]
 [   8    3  546    6    5  157 4575    0  557    1]
 [   0   23  370  383   41    0    0 5221   12   47]
 [ 307    2  256  577   37   71   34   15 4310   86]
 [  12    2  103  326  116   16    3   50  119 5066]]

BLOCK SIZE = 3000
[[4733    1  271   66    3    9  149    1  326    1]
 [   1 4883  770  262  119   12  215  207  130   56]
 [  16   29 5032  561   15    0   39  123   59   14]
 [   7    1  372 5058    3   11    3  301   42   21]
 [   7    3  262    4 4722   19  133   70  101  401]
 [   4   33  388   92   48 4579   61    6   62  266]
 [   7    4  111    5    7  134 5402    0  187    1]
 [   4   44  342  317   41    0    1 5269   61   18]
 [ 225    2  382  272   38   69  130   12 4470   95]
 [   8    3  228  130  137   14   11  151  109 5022]]

BLOCK SIZE = 4000
[[4421    1  221  103   34   20  109    1  649    1]
 [   4 4773  830  257  104   19  194  232  174   68]
 [  11   21 5092  577   16    0   48   70   50    3]
 [   4    1  485 5051    4   19    2  230    9   14]
 [   2    3  206   13 4921    6   77   50  113  331]
 [   4   12  139   94   25 4879   67    3   78  238]
 [   6    3  113    5   24  123 5348    0  236    0]
 [   5   32  378  339   34    2    1 5219   71   16]
 [ 196    2  182  196   29   48   92   11 4853   86]
 [  12    3  181  176  133   14    8  159  134 4993]]

BLOCK SIZE = 5000
[[5113    1   35   65   24   11   79    0  231    1]
 [   4 4570  857  327  108   19  135  366  166  103]
 [  14   19 5008  676   12    1   22   85   46    5]
 [   5    1  379 5178    3   18    0  207    8   20]
 [  13    2  118   13 4979    4   59   60  123  351]
 [   4   14  114   93   12 4877   65    3   89  268]
 [  11    5  129    5   23  116 5305    0  264    0]
 [   8   42  241  483   31    1    2 5215   54   20]
 [ 250    1  148  245   27   25   72   10 4815  102]
 [  47    3  124  164  110   14    6  120  137 5088]]

BLOCK SIZE = 6000
[[5088    1   29   51   23   11   60    0  296    1]
 [   3 4791  747  257  103   20  115  420  140   59]
 [  12   19 5042  661   13    1   18   79   41    2]
 [   4    1  337 5212    2   27    0  203    9   24]
 [   8    2   96    6 5143    3   52   57  104  251]
 [   2    9   69   93    5 4817   51    4  129  360]
 [  12    6  124    4   20  102 5338    0  252    0]
 [   3   30  187  340   24    0    1 5412   63   37]
 [ 194    2   99  197   26   16   55   12 5014   80]
 [  36    3   63  171  185    6    3   72  147 5127]]

BLOCK SIZE = 7000
[[5193    1    6   41    8    1   42    0  267    1]
 [   0 4825  725  259  116   23  117  453   95   42]
 [  12   15 5115  586   12    1   17   83   47    0]
 [   1    1  299 5234    3   33    0  190   38   20]
 [  13    2   64   11 5197    1   32   53  108  241]
 [  10    6   39   91   66 4750   54    4  268  251]
 [  74    6   92    5   20   84 5327    0  250    0]
 [   1   24  152  335   25    0    1 5449   75   35]
 [ 157    3   57  193   29   16   49   13 5104   74]
 [  35    2   56  139  209    4    2   79  210 5077]]

BLOCK SIZE = 8000
[[5209    1    9   31    3    1   51    0  254    1]
 [   1 5138  543  236   91   20  101  403   86   36]
 [  14   19 5170  540   10    1   15   71   46    2]
 [   1    1  268 5304    2   31    0  146   37   29]
 [  14    2   67    9 5204    1   31   50  111  233]
 [  10    6   31   93   55 4776   45    2  238  283]
 [  71    7   95    6   15   81 5309    0  274    0]
 [   1   33  149  398   22    0    1 5376   75   42]
 [ 146    3   49  171   25    7   41   12 5167   74]
 [  29    3   58  135  195    5    2   64  221 5101]]

BLOCK SIZE = 9000
[[5212    1   10   32    2    1   44    0  257    1]
 [   1 5175  565  213   88   16   82  383   98   34]
 [  14   22 5255  464    7    1   13   65   44    3]
 [   1    1  196 5391    2   29    0  139   35   25]
 [  14    2   66   10 5220    3   33   45  104  225]
 [   9    6   30  108   36 4896   46    2  187  219]
 [  78    7   94    6   14   84 5289    0  286    0]
 [   1   40  170  406   21    1    1 5341   73   43]
 [ 148    3   47  175   26   11   38   13 5157   77]
 [  28    3   44  155  221    4    1   54  199 5104]]

BLOCK SIZE = 10000
[[5220    1   11   32    2    1   41    0  251    1]
 [   1 5184  583  238   86   22   85  340   80   36]
 [   9   24 5289  447    4    1    8   52   53    1]
 [   2    1  212 5390    1   33    0  127   31   22]
 [  14    2   44   12 5273    0   32   44   90  211]
 [   9    6   29  103   31 4958   46    2  169  186]
 [  78    7   89    8   15   90 5286    0  285    0]
 [   1   47  175  426   21    1    1 5323   60   42]
 [ 175    5   53  182   23    7   38   13 5112   87]
 [  25    5   62  151  221    4    0   55  184 5106]]

BLOCK SIZE = 11000
[[5210    1   13   37    2    1   41    0  254    1]
 [   2 5129  632  250   82   20  101  327   72   40]
 [   9   23 5312  425    5    1    8   51   53    1]
 [   2    1  221 5380    2   31    0  134   26   22]
 [  14    2   59   14 5250    0   33   46   93  211]
 [  10    6   34  105   37 4957   44    2  165  179]
 [  74    7   98    5   17   91 5285    0  281    0]
 [   1   51  187  433   20    1    1 5306   55   42]
 [ 180    4   57  184   20    8   38   13 5106   85]
 [  27    3   69  147  223    6    0   52  178 5108]]

BLOCK SIZE = 12000
[[5211    1   11   34    2    1   38    0  261    1]
 [   1 5097  619  301   81   21  105  311   77   42]
 [   9   23 5295  442    3    1    8   55   52    0]
 [   2    1  209 5390    2   31    0  136   26   22]
 [  13    2   57   15 5238    0   37   46   88  226]
 [   9    7   32  104   32 4952   44    2  170  187]
 [  73    7   96    6   17   95 5268    0  296    0]
 [   2   48  182  435   20    1    1 5312   54   42]
 [ 182    4   52  193   20   10   38   13 5096   87]
 [  25    2   63  159  206    5    0   51  178 5124]]

BLOCK SIZE = 13000
[[5198    1   11   32    4    1   46    0  266    1]
 [   1 5192  564  266   87   21  101  313   73   37]
 [   8   24 5291  436    6    1   11   56   55    0]
 [   2    1  227 5368    2   30    0  135   31   23]
 [  11    3   51   12 5243    0   39   45   91  227]
 [   7    6   32  103   32 4963   48    2  161  185]
 [  67    7   88    4   16   96 5330    0  250    0]
 [   3   49  182  441   21    0    1 5306   56   38]
 [ 179    4   56  171   21   12   41   13 5108   90]
 [  23    3   69  150  204    5    0   59  180 5120]]

BLOCK SIZE = 14000
[[5194    1   10   41    5    1   46    0  261    1]
 [   1 5147  592  276   86   23   89  313   90   38]
 [   9   23 5216  513    7    1   12   54   53    0]
 [   2    1  234 5358    2   30    0  140   29   23]
 [   8    2   50   15 5246    0   38   45   87  231]
 [   7    6   35  103   31 4959   45    2  164  187]
 [  67    7   92    5   20   99 5309    0  259    0]
 [   3   48  179  441   22    1    1 5307   57   38]
 [ 183    4   51  197   22   13   43   13 5082   87]
 [  22    3   72  154  199    5    0   63  184 5111]]

BLOCK SIZE = 15000
[[5238    1   10   42    4    1   46    0  217    1]
 [   1 5091  620  276   84   20   90  334   92   47]
 [   9   23 5213  511    7    1   12   61   51    0]
 [   2    1  240 5352    2   29    0  143   27   23]
 [  12    2   45   13 5230    1   39   49   91  240]
 [   7    6   34  102   26 4961   48    3  158  194]
 [  71    7   91    5   19   97 5294    0  274    0]
 [   2   52  175  455   23    0    1 5296   52   41]
 [ 185    4   61  194   21   12   44   14 5069   91]
 [  38    3   72  149  186    5    0   62  174 5124]]

BLOCK SIZE = 16000
[[5213    1   10   36    4    1   43    0  251    1]
 [   2 5115  600  258   86   22   90  347   91   44]
 [   9   25 5226  503    6    1   10   61   47    0]
 [   2    1  232 5356    2   30    0  146   28   22]
 [  13    2   47   13 5253    1   36   50   85  222]
 [   7    6   33  102   23 4949   45    3  166  205]
 [  72    7   90    5   20   97 5303    0  264    0]
 [   2   49  177  414   22    1    1 5338   51   42]
 [ 180    4   50  200   24    8   41   14 5087   87]
 [  34    3   63  155  203    5    0   61  175 5114]]

BLOCK SIZE = 17000
[[5221    1    9   35    4    1   41    0  247    1]
 [   1 5084  618  238   90   23   95  384   85   37]
 [   9   24 5226  496    6    1    9   66   51    0]
 [   2    1  228 5352    2   32    0  147   33   22]
 [  13    2   48   10 5263    1   35   50   86  214]
 [   8    6   30  101   39 4943   47    2  179  184]
 [  78    7   89    5   18   87 5312    0  262    0]
 [   1   42  155  394   22    1    1 5383   60   38]
 [ 178    4   54  187   26    6   43   14 5096   87]
 [  35    3   62  147  212    4    0   60  184 5106]]

BLOCK SIZE = 18000
[[5220    1    9   33    2    1   45    0  248    1]
 [   1 5170  561  238   86   22   98  363   79   37]
 [   9   24 5244  479    6    1   11   61   52    1]
 [   2    1  219 5369    2   32    0  136   33   25]
 [  14    2   50   11 5247    1   33   48   93  223]
 [   9    6   26  103   34 4945   46    2  174  194]
 [  77    7   90    7   17   88 5304    0  268    0]
 [   1   44  159  412   22    1    1 5353   61   43]
 [ 174    3   52  179   24    6   42   14 5111   90]
 [  30    3   60  145  204    5    0   56  192 5118]]

BLOCK SIZE = 19000
[[5224    1   10   32    2    1   43    0  246    1]
 [   1 5179  576  232   85   23   88  356   80   35]
 [   9   24 5269  459    6    1   10   56   53    1]
 [   2    1  206 5390    1   32    0  134   31   22]
 [  15    2   52   12 5251    1   32   47   89  221]
 [   9    6   28  106   32 4942   46    2  170  198]
 [  79    7   90    7   16   88 5297    0  274    0]
 [   1   45  171  421   22    1    1 5333   61   41]
 [ 172    3   50  185   24    7   38   13 5114   89]
 [  26    5   52  158  219    4    0   54  186 5109]]

BLOCK SIZE = 20000
[[5220    1   11   32    2    1   41    0  251    1]
 [   1 5184  583  238   86   22   85  340   80   36]
 [   9   24 5289  447    4    1    8   52   53    1]
 [   2    1  212 5390    1   33    0  127   31   22]
 [  14    2   44   12 5273    0   32   44   90  211]
 [   9    6   29  103   31 4958   46    2  169  186]
 [  78    7   89    8   15   90 5286    0  285    0]
 [   1   47  175  426   21    1    1 5323   60   42]
 [ 175    5   53  182   23    7   38   13 5112   87]
 [  25    5   62  151  221    4    0   55  184 5106]]

