MATRIZ DE CONFUSAO PARA O CLASSIFICADOR: Perceptron


BLOCK SIZE = 1000
[[5390    1   18    6   22   77   39    5    2    0]
 [ 119 2675 1360  333  469  324  589   36  430  320]
 [  26    3 5764   19    8    2    5   46   13    2]
 [  45    0  545 3670  232  775    2  470    7   73]
 [  74    1   82    0 5191    4   76   19   10  265]
 [  19    4   14   39   62 5340   26    3   25    7]
 [ 219   19   29    0   41  202 5293    0   55    0]
 [   0    4  175    8  275    7    0 5403   23  202]
 [1065   14  184    7  192  182  142   20 3129  760]
 [  75    2   25   74  290   47    0   60    6 5234]]

BLOCK SIZE = 2000
[[5409    7   28    2   12    0   50    5   47    0]
 [   9 5727  163  385   12   48  161  106   44    0]
 [  19   18 5763    9    1    0    0   59   19    0]
 [  18   13  301 4887    0   58    4  486   43    9]
 [  95   75  138    6 4997    1   97  105   40  168]
 [  16   28   41  184   15 5008   54   34  157    2]
 [ 125   53   30    1   20   37 5268    0  324    0]
 [   1  104  148   27   48    1    0 5734   25    9]
 [ 222   49   92    4   27   31   58   71 5048   93]
 [ 179   69   44  160  207   32    6  558  154 4404]]

BLOCK SIZE = 3000
[[5509    4    1    2   25    5    4    0    9    1]
 [  47 5828  133  209   27  233   95    1   55   27]
 [  54   46 5693   16   10    1    0   20   47    1]
 [  28   61   70 5036   33  433    0   69   59   30]
 [  64   57   66    0 5143    2   18    8   40  324]
 [  17    9    8   26   21 5387   11    0   57    3]
 [ 303   31   18    0  144  207 4829    0  326    0]
 [   9  254  148   97  125   11    0 5157  114  182]
 [ 177   60   20    4   46  100   16    3 5106  163]
 [  43   57   12   69  192   63    0   31   50 5296]]

BLOCK SIZE = 4000
[[5489    4    1    6    5    1   35    2   17    0]
 [  43 5590  101  300    7  139  371   65   15   24]
 [  50   34 5543   59    1    0   22  155   22    2]
 [   8   11   44 5475    0   45    3  200   15   18]
 [  79   45  110    4 4609    1  137  138   98  501]
 [  23    7    9  132    9 5140   80   61   59   19]
 [ 171    6    4    2    4   70 5544    0   57    0]
 [   1   44   52   66   16    1    1 5851   37   28]
 [ 274   47   21   53   13   46  121   34 4920  166]
 [  41   21   16  112   59    8   11  193   45 5307]]

BLOCK SIZE = 5000
[[5103    8   15   32   40    1  247    3   98   13]
 [   2 5989   76  228   24   94  163    0    6   73]
 [   6  152 5496   52    5    0  108   32   31    6]
 [   0   41   53 5524    5   57   16   15   11   97]
 [  11   29   29    0 5000    0  160    3   23  467]
 [   3   20    8  116   16 5057  171    4   44  100]
 [  24    5    0    0   40   17 5746    0   25    1]
 [   0  234  171  142   56    2    1 4270   26 1195]
 [  37   66   22   48   42   27  242    4 4879  328]
 [   5   27    8   80   58    3   13    5   10 5604]]

BLOCK SIZE = 6000
[[5286    8   13   36   17    3   72    8  103   14]
 [   0 6072   84  255    4  140   32   31    1   36]
 [   5   88 5614   65    1    0   18   69   22    6]
 [   1   24   26 5598    2   50    1   77    4   36]
 [  13   50   96    1 4920    1  104   25   32  480]
 [   5   17    6  120   11 5151   58    5   35  131]
 [  62   32    5    6   42  108 5548    0   53    2]
 [   0  109   82   48   28    1    0 5784    1   44]
 [  44   82   31  105   21   66   97   20 4890  339]
 [   8   41   11   76   46    4    5   50   12 5560]]

BLOCK SIZE = 7000
[[5405    1    9   18   13    0   51   16   46    1]
 [   0 5390  114  432  180   44  197  244   10   44]
 [   8    5 5675   69    4    0   23   78   26    0]
 [   1    0   46 5651    5   15    2   74    8   17]
 [  27    1   51    4 5213    0  127   39   13  247]
 [  12    4   17  355   54 4660  145   32   67  193]
 [  85    2    3    4   42    5 5683    0   34    0]
 [   0    4   66   74   31    0    0 5899    1   22]
 [  49   13   39  149   50   12  158   36 5010  179]
 [  26    1   14   83  129    1    7   65   16 5471]]

BLOCK SIZE = 8000
[[5490    3    0    1   13    2   10    2   38    1]
 [  23 5705   48  132  357  229   20   92    8   41]
 [  79   32 5426   45   27    7   14  163   93    2]
 [  14    3   12 5341   32  228    0  107   30   52]
 [  48    1    7    0 5521    1   50    5    7   82]
 [  18    3    1   34   35 5341   18    1   29   59]
 [ 113    9    2    0   71   86 5494    0   83    0]
 [   2   37   31   15  180    3    0 5788    9   32]
 [ 106   12    4   12  107   89   18   17 5215  115]
 [  38    4    0   21  255   11    1   40   32 5411]]

BLOCK SIZE = 9000
[[5520    0    0    9    4    2    3    3   19    0]
 [  36 5574   22  367  135  220   21  229   12   39]
 [ 107   19 5029  398    5    2    9  265   52    2]
 [   2    0    3 5694    1   42    0   48    8   21]
 [  88    3    5    3 5296    1   52   24   16  234]
 [  20    3    1  200    6 5204   19    4   29   53]
 [ 220   11    4   14   35   82 5427    0   65    0]
 [   2    6    5  111   32    1    0 5918    1   21]
 [ 122   10    5  130   30   99   24   24 5123  128]
 [  56    3    0   78   83    6    1   65   29 5492]]

BLOCK SIZE = 10000
[[5466    5    0   21   30    1   17    7   12    1]
 [   2 6289    8  115  175   24    2   38    0    2]
 [  27  468 4827  334   74    0    6  142    7    3]
 [   2   15    3 5723   13   12    0   30    2   19]
 [  11    9    2    0 5623    0   17    6    0   54]
 [  16   44    1  392   88 4808   38    9   12  131]
 [  84   54    2    5  156   20 5520    0   17    0]
 [   0   70   19  111  147    0    0 5735    0   15]
 [  87  110    8  412  375   68   57   34 4327  217]
 [  33   41    0   79  305    2    1   57    3 5292]]

BLOCK SIZE = 11000
[[5508    0    0    6    1    0   16    3   26    0]
 [  35 5444    6  386   91  420  100  141   24    8]
 [ 129   29 4957  413    5   16   59  223   56    1]
 [   2    0    3 5679    0   63    0   47    7   18]
 [ 134    5    2    8 5183    5   97   39   62  187]
 [  16    3    1  131    4 5311   37    2   17   17]
 [ 145    3    0    2   12   33 5645    0   18    0]
 [   2   17    7  127   38    3    0 5876   13   14]
 [ 156    8    1  121   18  141   87   22 5070   71]
 [ 100    9    0   87  101   30    3   80   62 5341]]

BLOCK SIZE = 12000
[[5499    5    4    4    7    0   17   10   14    0]
 [   3 6400   53   58   34   30    4   72    1    0]
 [  21   44 5691   16    3    0    1  108    4    0]
 [   2   26   74 5417    9   59    1  212    6   13]
 [  48   32   80    0 5398    1   35   82    2   44]
 [  21   32   15   97   24 5223   44   45   22   16]
 [ 130   39   16    1   47   22 5582    1   20    0]
 [   0   34   55    6   30    0    0 5969    0    3]
 [ 128  104   85  103  141   76   82  127 4761   88]
 [  80   81   39   79  282    9    2  313   14 4914]]

BLOCK SIZE = 13000
[[5397    0    5   22   28    0   39    2   66    1]
 [   5 5587   66  334  466   75   60   42    7   13]
 [  11   11 5688  106   17    0   15   23   17    0]
 [   2    2   22 5725   10   16    1   14    8   19]
 [  12    0    9    1 5602    0   44    3    5   46]
 [  10    8    7  392   57 4815   74    1   40  135]
 [  58    5    2    3   66   12 5682    0   30    0]
 [   0   19  132  211  217    1    0 5474    5   38]
 [  46    8   33  176  214   33   84   13 4978  110]
 [  37    4    8   92  352    1    3   23   19 5274]]

BLOCK SIZE = 14000
[[5429    5    0    6   15    0   17    1   86    1]
 [   1 6526   14   41   26   30    3    6    4    4]
 [  23  752 4903   62   17    0   11   45   69    6]
 [   2   67   13 5524   23   66    0   34   16   74]
 [  18   29    4    0 5501    0   41    2   10  117]
 [  13   35    1   62   33 5183   26    1   51  134]
 [  85   67    1    0   56   46 5546    0   57    0]
 [   0  412   44   47  166    1    0 5343   16   68]
 [  54  105    6   26  102   50   27   11 5174  140]
 [  29   53    1   26  159    3    2   19   31 5490]]

BLOCK SIZE = 15000
[[5524    1    0   12    4    0    8    8    2    1]
 [   8 6115   70  214   45   39   10  147    1    6]
 [  36   21 5641   66    6    0    1  115    1    1]
 [   3    7   26 5664    1   13    0   87    1   17]
 [  66   11   60    9 5270    0   37   70    2  197]
 [  44   15    7  398   17 4812   44   40   12  150]
 [ 201   19   13   17   28   28 5540    0   12    0]
 [   0    7   56   33   26    0    0 5964    0   11]
 [ 307   51   88  485   69   63   74   79 4216  263]
 [  55   22   18   79  107    1    1  112    4 5414]]

BLOCK SIZE = 16000
[[5395    0    1   22   23    2   13   12   92    0]
 [   5 5644   14  309  389  119   14  148   12    1]
 [  12   46 5090  342   58    2   13  263   62    0]
 [   1    0    4 5698   11   27    0   63    9    6]
 [  20    0    5    0 5629    1   30   11    8   18]
 [   9    5    1  230   50 5147   21   17   47   12]
 [  87   10    1    7  124   78 5455    0   96    0]
 [   0    4   10   61  104    0    0 5913    3    2]
 [  37    8    3  131  178   52   16   28 5220   22]
 [  64   20    1  178  636    7    1  198  103 4605]]

BLOCK SIZE = 17000
[[5117    4    6    7    4    0    3    3  416    0]
 [   2 6412   62   55    6   12    4   14   64   24]
 [   2   47 5689    9    1    0    0   19  120    1]
 [   1   40  125 5459    2   21    0   25   60   86]
 [  38   19   95    0 5029    0   18    4  231  288]
 [  11   46   24  147   10 4689   27    5  192  388]
 [ 135   34   20    1   41   10 5098    0  519    0]
 [   0  158  212   30   44    0    0 5379  150  124]
 [  17   15   18    6    5    1    4    5 5561   63]
 [  24   19   12   23   44    0    1   12  154 5524]]

BLOCK SIZE = 18000
[[5398    0    3   20   15    0   13   18   92    1]
 [   7 5663   88  266  258   49   27  262   18   17]
 [  11    6 5667   65    6    0    0  112   20    1]
 [   1    1   19 5686    5    9    0   73    8   17]
 [  20    0   42    2 5484    0   30   24   12  108]
 [  11    7   11  447   40 4635   44   40   76  228]
 [  85    7   19   17   73   19 5551    0   87    0]
 [   0    2   46   54   52    0    0 5931    1   11]
 [  41    5   27  145   96   12   23   42 5181  123]
 [  30    1   18   72  183    1    2  102   35 5369]]

BLOCK SIZE = 19000
[[5425    0    0    5   17    2   27   14   70    0]
 [   2 5762   21   80  424  146   30  182    8    0]
 [  29   74 5195   46   35    3   38  398   70    0]
 [   2    4    8 5377   26  120    0  251   20   11]
 [  20    1    2    0 5611    0   47   16   10   15]
 [   9    4    1   44   29 5392   31    8   18    3]
 [  62    6    0    0   64   54 5634    0   38    0]
 [   0    5    9    7   84    0    0 5987    2    3]
 [  42   10    5   25  153   93   56   45 5234   32]
 [  62   21    2   69  630   29    2  182   88 4728]]

BLOCK SIZE = 20000
[[5424    0    1   19   20    0   18   10   67    1]
 [  11 5518   22  291  539   34   43  177   17    3]
 [  28   29 5293  245   32    0   19  199   43    0]
 [   2    1    3 5722    6    8    0   59    8   10]
 [  20    1    2    0 5617    0   35    8    8   31]
 [  13   12    2  397   49 4841   70   19   61   75]
 [  78    7    2    6   74    8 5642    0   41    0]
 [   0    9   21   77   95    0    0 5886    1    8]
 [  42    9    5  209  152   17   50   28 5118   65]
 [  57   11    2  124  409    2    2  111   38 5057]]

