MATRIZ DE CONFUSAO PARA O CLASSIFICADOR: kNN


BLOCK SIZE = 100
[[4776    2  155   23    2   72  440    0   89    1]
 [  24 2717 1381  425   61   16 1155   11  794   71]
 [  49   27 4803  747    3    7  217   12   20    3]
 [  16    5 2640 2989    9   12   29   81   13   25]
 [  67    1   82  726 4134    0  642    6    9   55]
 [  20    5 1642 1113  192 1767  264   37  385  114]
 [  26   42  462    2    8  197 4936    0  185    0]
 [   1   36  154  920  260    5   15 4267   21  418]
 [1306   38  831  304   86   32  425   37 2306  330]
 [ 495   18  178 2916  754    3   52  126   23 1248]]

BLOCK SIZE = 200
[[5056    4   38    6    1   77  287    0   83    8]
 [  68 3059  533  111  146    8 1467    3  508  752]
 [  31   21 5449  213    4    4  109   32   16    9]
 [  16    3 2394 3090   18   40   35   31   17  175]
 [  35    1   12   26 4708    1  359    8    7  565]
 [  22    3 1205  953  181 2352  423   66  169  165]
 [  71   31   20    0   11  190 5328    0  207    0]
 [   0   40   53 1951  174    4    8 2662   19 1186]
 [1222   30  384  106   97   28  323   37 2218 1250]
 [ 147   15   65  222  546    2   25   76   15 4700]]

BLOCK SIZE = 300
[[5257    4   25    9    1   55  154    0   46    9]
 [  54 3043  546  115  137   30 1464    6  508  752]
 [  24    7 5464  186    5    4  110   63   17    8]
 [  15    2 1353 4144   10   76   23   49   14  133]
 [  30    1   15   26 4759    1  351    9   25  505]
 [  21    6  683 1250  121 2936  190   61  212   59]
 [  68   27   16    0    6  128 5359    0  254    0]
 [   0   24   74 1925  154    2    5 2774   23 1116]
 [1212   29  368  108   93   51  304   25 2308 1197]
 [ 143   15   47  274  562    9   25   85   14 4639]]

BLOCK SIZE = 400
[[5262    2   25   10    5   58  160    0   32    6]
 [  56 2907  564  134  297   24 1383   11  655  624]
 [  23    5 5483  187   17    4   83   64   15    7]
 [  13    2 1288 4181  101   91   16   47    9   71]
 [  24    2   14   35 5195    1  243    7   15  186]
 [  21   13  571  936  316 3157  152   49  229   95]
 [  70   43   10    0    7  153 5371    0  204    0]
 [   0   16   73 1907  295    1    1 2761   17 1026]
 [1194   29  343  100  319   49  231   27 2249 1154]
 [ 106   12   31  260  704   10   13   85   16 4576]]

BLOCK SIZE = 500
[[5290    2   27   10    6   49  149    0   18    9]
 [  56 2897  518  158  415   23 1339   17  657  575]
 [  23    6 5411  235   12    3   75  113    6    4]
 [  14    2  555 4842  103   55    7  193    8   40]
 [  19    3   18   13 5218    0  227   11   13  200]
 [  21   11  407 1198  280 3152  111   71  166  122]
 [  74   39    5    1    8  166 5413    0  152    0]
 [   0   16   88  361  311    1    1 4611   16  692]
 [1177   29  324  115  335   46  216   45 2233 1175]
 [  73   12   15  221  639    9   10  193   19 4622]]

BLOCK SIZE = 600
[[5285    2   27   13    5   40  152    0   25   11]
 [  42 2846  781  145  228   18 1221   17  757  600]
 [  22    6 5455  202   14    2   58  113   11    5]
 [  13    2  590 4819   97   45    8  192    8   45]
 [  17    3   29   13 5167    0  219   18    9  247]
 [  19   11  439 1263  271 3123  109   83  112  109]
 [  72   30    9    1    7  194 5406    0  138    1]
 [   0   16   91  352  294    2    1 4606   12  723]
 [ 777   30  331   93  273   32  205   42 2936  976]
 [  55   12   17  220  481    5   10  197   21 4795]]

BLOCK SIZE = 700
[[5278    2   43   35    4   27  134    0   24   13]
 [ 118 2847 1344  220  133    9  449  134  618  783]
 [  17    6 5411  190   12    2   41  186   22    1]
 [  14    2  728 4430   65   38    6  468    8   60]
 [  21    3  103    1 5187    0  181   20   11  195]
 [  19   11  523 1252  275 3047   94   87  130  101]
 [  70   29   34    2    7  177 5425    0  114    0]
 [   0   16   94   72  399    2    0 5055   17  442]
 [ 711   31  430   89  253   28  150  133 3013  857]
 [  47   13   61  166  591    3    2  282   26 4622]]

BLOCK SIZE = 800
[[5287    2   40   44    4   24  130    0   18   11]
 [  62 3130 1323  164  133    9  424  140  488  782]
 [  22    5 5366  233   13    2   40  186   20    1]
 [  14    3  674 4477   61   49    4  470    8   59]
 [  24    3  102    1 5179    0  179   20   10  204]
 [  15   10  382  856  216 3726   83   76  102   73]
 [  81   31   34    1    8  177 5417    0  109    0]
 [   0   16   90   71  389    3    0 5067   15  446]
 [ 706   32  429   95  252   63  151  137 2976  854]
 [  45   13   61  168  588    2    2  289   25 4620]]

BLOCK SIZE = 900
[[5281    2   43   44   10   24  126    0   18   12]
 [  51 3183 1155  162   91   13  628   93  418  861]
 [  20    5 5468  162   11    1   38  156   18    9]
 [  13    3  431 4616   54   51    5  425   10  211]
 [  22    3   79    2 5066    0  164   16    9  361]
 [  14   10  362  715  170 3844   74   65  109  176]
 [  77   27   23    1   19  111 5491    0  109    0]
 [   0   16   88   54  229    2    0 4719   16  973]
 [ 701   32  394   65  223   71  156   79 2957 1017]
 [  34   15   42  158  170    4    3  143   25 5219]]

BLOCK SIZE = 1000
[[5279    2   40   51   13   22  122    0   20   11]
 [  48 3155 1372  142   71   14  583   95  455  720]
 [  18    5 5460  189   10    3   37  136   22    8]
 [  12    3  526 4534   47   62    3  421   12  199]
 [  22    3   68    2 5156    0  166   21   12  272]
 [  12   11  236  396  145 4298   71   49  118  203]
 [  75   28   18    1   26  109 5484    0  117    0]
 [   0   16   92   54  227    2    0 4748   22  936]
 [ 604   30  370   57  192   75  152   71 3120 1024]
 [  36   14   44  157  174    5    4  153   26 5200]]

