MATRIZ DE CONFUSAO PARA O CLASSIFICADOR: LDA


BLOCK SIZE = 100
[[4709   30  312   17   89    5  126    9  248   15]
 [ 527 2783 1197  424  151   19  128  460  846  120]
 [ 163   10 4417  699  106    9  146  221   78   39]
 [ 129   24 1035 3551  141  186  139  292  227   95]
 [ 168  579  642  340 2880  153  582   53  187  138]
 [ 163   80   45 3579   13  381 1023   87   52  116]
 [ 446  273  142  564  122   75 3756   87  335   58]
 [ 129  343 1243  838  322  170   12 2253  490  297]
 [ 797  196  412  120   94   37  640  198 2661  540]
 [ 456  458  234 1835   17   11  142  183  577 1900]]

BLOCK SIZE = 200
[[4778   47   28   15  216  142   98    9  175   52]
 [  75 4942   88  135   62   83  707   54  196  313]
 [  16  222 4629  502   37    8  218  223   17   16]
 [   9  245   45 4917   14  324   35  104   41   85]
 [  33  114 1014   29 3784    0  216   38  241  253]
 [   7   36   15 2189  130 2925   57  103   19   58]
 [  16  445   78  364  212  137 4451   31   59   65]
 [ 125  371  399 1142  180  336  123 1856   37 1528]
 [ 477  552   60  181  350  120  341  144 2520  950]
 [ 108  125 1697  302  259   28    7  168  541 2578]]

BLOCK SIZE = 300
[[5132   22   31    3   76   85  161    9   33    8]
 [  10 4492   64   66  830   57  210   70  307  549]
 [  23  243 4104  271   35   20   69 1039   42   42]
 [   6   69   75 4247   15  293   13  777  193  131]
 [ 830   63  551    9 3708    0  212    5  111  233]
 [  18   27   52 1610  134 3376   16   43  167   96]
 [ 126  952  263  319  430  192 3233   17  296   30]
 [ 150  379  317  220   99  467   11 3281  139 1034]
 [ 318  137  107   49  194   51  464   80 3169 1126]
 [2004   45  349   66  113   34   13  140  172 2877]]

BLOCK SIZE = 400
[[5156   29   45   10   74  129   65    7   29   16]
 [   9 4385  141  193  220  438  135   51  489  594]
 [  16   60 4243  326   24   15   55  894  245   10]
 [  10   67   36 4185    9  328   21  323  709  131]
 [1260   18  204    0 3493    0  324    9   41  373]
 [  27   69    9  526   81 4368   30   64  279   86]
 [ 354  338  513   64  283   67 3702   40  426   71]
 [ 167 1042  231  183   83   47   35 3228  746  335]
 [ 230   98   59   62  210   45  284  216 2961 1530]
 [2466   24   59  102   88   20   41  174   56 2783]]

BLOCK SIZE = 500
[[5162   57  133    3   17  109   30   15   23   11]
 [   6 4828  641  119   54  319  110   70  348  160]
 [  18  100 4342  132    5    4   42 1195   41    9]
 [  13  101   75 4209   21  259   18  856  166  101]
 [1210  681  712    2 2595    6   60   45  101  310]
 [  24   31   47  278   35 4772   30   55  218   49]
 [ 287  328 1067   62   30  218 3421    8  325  112]
 [  75 1076  262   36   57   62    6 4249   76  198]
 [ 205  156  143   29  150  174  191  138 2832 1677]
 [1672 1234   51   98   44  115   10  280  172 2137]]

BLOCK SIZE = 600
[[4972  200   64    3   33   82   37   15   23  131]
 [   1 3797  718  104  116  675  422  102  512  208]
 [  28   43 4858   67    3    3   58  794   33    1]
 [   2   85  122 4282   17  254   24  603  370   60]
 [ 140  123 1790    0 2820    2  110   27  345  365]
 [   6   24   53  391    8 4766   24   34  174   59]
 [ 122  393  951    2   37  217 3837    9  259   31]
 [  32   96 1837    4   67   21   16 3747  207   70]
 [ 238   55  108   12   85  142  463   98 3095 1399]
 [ 457   22 1786  135   21   48   39   79  913 2313]]

BLOCK SIZE = 700
[[5168   69   32   39   28   95   33   17   14   65]
 [   1 3664 1449  160   62  217  257  340  447   58]
 [  32   35 5203   45    2    1   35  520   14    1]
 [   2   35  147 4453    1   82   18  988   80   13]
 [  67  121 1851    0 3031    1   97   36  290  228]
 [   5   41   47  519    5 4701   50   30  115   26]
 [  81  431 1030   11   23  214 3941    6  118    3]
 [   0   93 1865    4   39   13    0 4012   47   24]
 [ 216   88   89   71   64   91  571  124 3132 1249]
 [ 254   21 1773  157   12   39   60   97  941 2459]]

BLOCK SIZE = 800
[[5134  108   23   37   26  116   35   16    9   56]
 [   1 4032 1260  140   78  246  194  359  292   53]
 [  33   35 5283   54    0    1   22  447   12    1]
 [   2   78  109 4438    0   64   15 1033   63   17]
 [  62  149 1674    0 3190    1   98   24  289  235]
 [   5   71   30  365    9 4838   79   40   79   23]
 [ 155 1086  210   64   35  143 4044   19   96    6]
 [   0   93 1809    6   37    5    0 4089   44   14]
 [ 212  138   55   56   65   73  437  121 3399 1139]
 [ 219   35 1808  129    9   28   80   87  889 2529]]

BLOCK SIZE = 900
[[5102  127   12   48   30   99   39   17    7   79]
 [   1 4037 1232  135   56  200  247  391  299   57]
 [  30   43 5288   39    2    1   13  457   14    1]
 [   2   56   43 4303    0  103   14 1246   37   15]
 [  62  416  394    1 4380    2   62   20   28  357]
 [   7   36   14  246    3 5064   68   39   47   15]
 [ 152  885  340   67   18  112 4192    5   85    2]
 [   0 1095   47   75   50   31    2 4738   36   23]
 [ 210  140   48   58   58   90  413  114 3468 1096]
 [ 110   80   64  140   23   54   55  105   33 5149]]

BLOCK SIZE = 1000
[[5151  112   16   49   29  108   33   14    9   39]
 [   1 4155 1046  133  156  178  338  254  321   73]
 [  29   50 5367   23    4    0   13  384   18    0]
 [   2   53   56 4393    1  112   10 1103   72   17]
 [  65  401  208    0 4622    2   68   17   25  314]
 [  11   84   10  566    4 4633   63   58   81   29]
 [ 190  952   56  110   72   65 4295    5  109    4]
 [   0 1142   59   11   40   10    0 4773   36   26]
 [ 188  132   74   62   48   49  349   79 3630 1084]
 [ 121   81   58  147   19   41   48  107   37 5154]]

