MATRIZ DE CONFUSAO PARA O CLASSIFICADOR: Naive Bayes


BLOCK SIZE = 100
[[2029    3  206    5  206  329  279    7 2494    2]
 [  75 1907 2322  388  293  572   79  235  734   50]
 [   2   26 5210  437   28   27   18  130   10    0]
 [   8    1 1162 3744  188  149   31  526   10    0]
 [   0    9  315    5 4733  266  275  115    3    1]
 [   0    1  443  509  503 3953   77    6   47    0]
 [   6    1  942   58   21  616 3862    0  352    0]
 [   0    6  333 1674 1043   31    8 3002    0    0]
 [ 466    4  623  151 1134   48  276   32 2914   47]
 [   0    2  264   82 4966   19   33  107   28  312]]

BLOCK SIZE = 200
[[2511    1 2027   42   58  292   24    0  604    1]
 [  48 2633 2890  102  234   96   51  162  342   97]
 [   0    5 5703   74   51   20    1   31    3    0]
 [   0    1  541 2258   95 2345    1  576    2    0]
 [   5    0 3948    0 1496  228   14   15    4   12]
 [   0    1  203   57   73 5168    4    4   14   15]
 [  16    0 3108    0   14  621 1884    0  215    0]
 [   0   10 2690  111   88   19    0 3167    7    5]
 [  81    0 2530    1  228  498    7    9 2325   16]
 [   1    0 3546   45 1341  156    0  118   50  556]]

BLOCK SIZE = 300
[[3455    1 1122   30   61  300   44    0  546    1]
 [ 102 2455 2889  143  145   76  110  178  394  163]
 [   1    2 5834   17   11    1    1   18    3    0]
 [   2    1 3473 2208   30   10    0   92    3    0]
 [ 116    0 3795    1 1531  142   16   13   93   15]
 [   1    1 1073   30   37 4233   18    7  124   15]
 [  17    1 2188    0    6  402 2687    0  557    0]
 [   0    2 2721  187  127    3    4 2966   82    5]
 [ 294    0 1885    7  167  125   42    6 3151   18]
 [   5    0 3794   61  882  154  161   61  150  545]]

BLOCK SIZE = 400
[[4233    1  576   26   47  421   22    0  234    0]
 [ 322 2516 2649  137  124  209  107  141  303  147]
 [   3    2 5822   24   14    1    1   18    3    0]
 [   2    1 3320 2334   31   28    0   94    6    3]
 [  53    0 3674    1 1772   46   16    6  124   30]
 [   2    3  907   58   31 4313   18    4  131   72]
 [  26    1 2136    0    2  447 2692    0  554    0]
 [   1    4 2621  217  168    5    4 2961  106   10]
 [ 681    1 1546    6  113  109   32    8 3174   25]
 [   6    0 3745   60  634  119  160   43  148  898]]

BLOCK SIZE = 500
[[4172    1  689    5   25  410   23   29  206    0]
 [ 472 2363 2628  141  174  147  120  165  296  149]
 [   3    2 5772   36   14    2    1   56    2    0]
 [   2    1 2413 2069  106   44    0 1177    4    3]
 [  30    0 1045    2 4429   52   17    5  103   39]
 [   1    6  794   63   60 4389   21   16  116   73]
 [  21    0 1845    1    0  488 3153    2  348    0]
 [   1    4  823  140 1778    5    4 3268   68    6]
 [ 654    0 1573   14  114  205   36   14 3060   25]
 [   4    0  953   50 3506  121   56   27  104  992]]

BLOCK SIZE = 600
[[4126    1  949    8    1  105   24   37  305    4]
 [ 219 2278 2669  167  147  187   91  191  513  193]
 [   5    2 5686   68    7    3    2   92    2   21]
 [   2    1 1789 2648   60   22    1 1288    3    5]
 [  18    0 2729    4 2838    6   17   19   55   36]
 [   3    6 1643   73   18 3611   14   27  110   34]
 [   9    0 2376    0    0  148 3042    4  279    0]
 [   1    4  611  206 1779    1    1 3451   37    6]
 [ 414    0 1884   17   51   71   19   14 3183   42]
 [  18    0 1637   48 2877   34    0   71  100 1028]]

BLOCK SIZE = 700
[[4138    1  852   98    5  114   22   37  290    3]
 [ 123 2401 2262  363  199   92  312  251  464  188]
 [   5    2 5145  670    7    3    3   46    3    4]
 [   4    1  688 4437   37   15    1  630    1    5]
 [  12    0 2360   99 3100    6   15   22   75   33]
 [   3    7 1598  102   19 3595   13   28  112   62]
 [   6    1 2299    5    0  148 3097    4  298    0]
 [   1    4  474  419 1721    1    0 3424   38   15]
 [ 367    0 1467  476   92   56   22   15 3178   22]
 [  11    0 1221  632 2307   28    0   44  115 1455]]

BLOCK SIZE = 800
[[4151    1  872   90   12  113   23   37  259    2]
 [  18 2951 2222  303  184   41  336  219  291   90]
 [   5    3 5145  654   32    3    3   36    3    4]
 [   2    1  702 4353  113   15    1  627    1    4]
 [  12    0 2344   99 3107    6   15   22   67   50]
 [   3    6 1594  107   20 3573   13   43  107   73]
 [   6    1 2319    3    0  147 3106    5  271    0]
 [   2    4  490  344 1852    1    0 3362   31   11]
 [ 374    0 1675  277   93   50   23   18 3151   34]
 [  13    0 1218  620 2306   27    1   47  111 1470]]

BLOCK SIZE = 900
[[4174    1  885   85   13  104   23   37  237    1]
 [  15 3010 2204  269  160   44  369  181  268  135]
 [   5    3 5174  622   32    5    3   34    3    7]
 [   2    1  725 4334  103   19    0  620    1   14]
 [  12    0 2096   34 3143   26   16   19   62  314]
 [   3    7 1320   99   14 3861   12   41   89   93]
 [   6    1 2218    3    0  247 3115    4  264    0]
 [   2   13  498  307 1153    1    0 3334   28  761]
 [ 375    0 1654  269   89   91   23   17 3138   39]
 [  13    1  735  177  568   49    1   31  128 4110]]

BLOCK SIZE = 1000
[[4157    1  890   85   11   98   34   37  246    1]
 [  16 2901 2288  130  119   36  596  158  302  109]
 [   5    4 5182  616   29    5    4   34    3    6]
 [   2    1  752 4336   47   27    0  646    1    7]
 [  12    0 1933   35 3251   24   16   96   62  293]
 [   3    7 1325  100    9 3856   12   39   95   93]
 [   7    1 1689    3    0  256 3654    4  244    0]
 [   2   12  613  261   98    2    0 4934   29  146]
 [ 361    0 1687  273   66   88   27   16 3136   41]
 [  13    0  691  178  539   46    0   82  123 4141]]

