MATRIZ DE CONFUSAO PARA O CLASSIFICADOR: Perceptron


BLOCK SIZE = 100
[[4637    2  449  195  233    1    1    0   42    0]
 [   0 2340 2137  589  927    0   81    1  577    3]
 [   3    7 5024  778   72    0    2    1    1    0]
 [   1    0 3060 2437  315    0    0    5    1    0]
 [   1    0   66   15 5619    0   12    1    0    8]
 [   3    4 1467 1355 1750  908    4    3   44    1]
 [  11    5  950  198  653   92 3824    0  125    0]
 [   0   25  671 1505 1137    1    0 2737    2   19]
 [ 138   23 2466  946 1006    2    5    1 1049   59]
 [  18   16  142  296 4332    0    0   55    1  953]]

BLOCK SIZE = 200
[[5026    3    2    4    1   59  330    3  128    4]
 [   0 2782   90  179   75   10 2086    9  781  643]
 [  13   33 5394   38    9    4  177   80  121   19]
 [  21    4  138 4613  112   66  316  186   46  317]
 [  20    4   20    0 4878    2  257    2   79  460]
 [  15    2   35  667  417 2595 1060  174  426  148]
 [  65   14    0    0    2  115 5379    0  283    0]
 [   0   32   29   93  121    8    8 4339   89 1378]
 [ 724   17   91    9   79   55  669   50 2863 1138]
 [ 110    7    3   94  566    2   24   36   20 4951]]

BLOCK SIZE = 300
[[5079    5    3    6    8   29  252   13  100   65]
 [   0 2790   47  146  321    3 1903   99  750  596]
 [   8   15 4954   21    9    2  239  574   56   10]
 [   9    2   83 3978   80   34  222 1221   18  172]
 [   7    2    9    0 5038    1  241   63   46  315]
 [  11    6    5  325  183 3938  547  310  159   55]
 [  62    8    0    0    5  109 5196    0  476    2]
 [   0   17   13    9   99    1    7 5630   18  303]
 [ 331   16   55    5  118   51  467  323 2617 1712]
 [  32    4    1   58  743    2   15  319    6 4633]]

BLOCK SIZE = 400
[[5197    2    5    9   21    7  246    0   72    1]
 [   0 2601   57  253  837   21 1889   15  926   56]
 [  19    4 5452   33   17    3  228   43   88    1]
 [  18    1  205 4765  312   34  323   88   31   42]
 [  18    2    6    0 5425    1  204    7   32   27]
 [  14   12   40  256  293 4414  371   12  125    2]
 [  62   26    0    0   14  352 5161    0  243    0]
 [   2   16   83  105  929    1    9 4688  124  140]
 [ 696   17   67   12  395  114  652   20 3257  465]
 [ 123   11    4  136 1446    6   20  100   83 3884]]

BLOCK SIZE = 500
[[5231    2    6   14   39   19  239    1    1    8]
 [   0 2966   59  415 1100   72 1637   65  256   85]
 [  30    6 5511  109   22    4   79  117    9    1]
 [  21    1  237 4651  504   54   72  251    6   22]
 [  29    2    6    0 5350    0  166   17    7  145]
 [  16    9   51  208  451 4484  242   11   59    8]
 [  82   37    4    0   58  242 5368    0   67    0]
 [   0   22   90   68  559    2    2 5097   14  243]
 [ 963   26   85   41  409  166  618   46 2564  777]
 [  63    3    7  138  790   10   11  137    4 4650]]

BLOCK SIZE = 600
[[5170    1    3   20   19    1  273   28   39    6]
 [   0 2482   80  455  467  124 1866   65  937  179]
 [  23    8 5404  208    8    0   82  108   44    3]
 [  19    1   78 5059  200    6  219  177   27   33]
 [  37    2   32    8 5149    1  213   28   20  232]
 [  10    9   20  407  296 3949  614   46  162   26]
 [  52    7    7    0   21  157 5288    0  326    0]
 [   0   25   54   49  225    0    5 5439   32  268]
 [ 632   14   31   27  199   29  680   29 3382  672]
 [  71    7    7  149  593    3   17  233   11 4722]]

BLOCK SIZE = 700
[[5098    2  172   38   19    0  216   12    1    2]
 [   0 2833 1661  667  504   16  630   65  229   50]
 [   6    3 5674  166    4    0    2   28    4    1]
 [   3    3  566 4885  117    3   35  189    2   16]
 [  18    2  256    1 5168    0  132   21    0  124]
 [  11   20  117 1183  408 2741  805   53  116   85]
 [  55   30  144    0   23    9 5499    0   98    0]
 [   0   22  233   94  252    0    0 5409    3   84]
 [ 666   35  805  128  253    4  566   39 2330  869]
 [  58    9  124  189  648    0    9  197    0 4579]]

BLOCK SIZE = 800
[[5300    1  183    3   16    1   42   13    0    1]
 [ 143 2834 1928  215  308   25  220  429  523   30]
 [  12    3 5750    6    2    0    0  106    9    0]
 [  18    1 1233 2917  164   12    2 1438   12   22]
 [  44    1  313    0 4986    0   61  123   10  184]
 [  25    4  304  150  539 3868  122  338  160   29]
 [ 144   21  120    0   46   18 5354    1  154    0]
 [   0    3  131    0  155    0    0 5778    9   21]
 [1019   13  507    3  156    6  155  394 2964  478]
 [  57    3  112   77  364    1    1  601   15 4582]]

BLOCK SIZE = 900
[[5250    7  179   47   24    0   46    5    1    1]
 [  13 3298 1986  548  307   20  198   57  112  116]
 [   8    6 5758   86    2    0    0   22    6    0]
 [   8    3  511 4994   91    3    0  184    4   21]
 [  65    7  318   25 4958    0   51   25    1  272]
 [  28   43  171  944  426 3582  111   42  117   75]
 [ 137   86  248    2   70    9 5185    0  121    0]
 [   0   48  256   67  197    0    0 5452    6   71]
 [ 878   63  718   98  214    8  140   32 2770  774]
 [  71   20  122  198  237    0    1   93    4 5067]]

BLOCK SIZE = 1000
[[5257    5    5    5   34   91   44   15  103    1]
 [  60 3090  688  235  268  140  439   65 1187  483]
 [  27   13 5633   21    5    4    4  106   72    3]
 [  25    3  380 3533  208  752    2  746   64  106]
 [  77    6   46    0 4991    6   99   28   85  384]
 [  10    8    8   35   65 5228   21    2  153    9]
 [ 137   36   18    0   74  109 4863    0  621    0]
 [   0   49   80    8  152    6    0 5497  166  139]
 [ 409   20   57    5   86   87   61   24 4358  588]
 [  64   17   13   72  169   37    1   80   67 5293]]

